T_st = 0.14592181;
R_a = 3.84591754;
k_b = 0.0405;
b = 0.120792531;
m = 0.11;
F_st = 4.22038143195879;
L_a = 0.47;
J = 0.000792134944699737;
gRatio = 30;